MUESTRA DEL VECTOR DE CARACTERÍSTICAS (label, features)

Productividad: 33.779998779296875 | Vector: [-0.32978579500700345,-0.36896848304595065,-1.422712315309548,-0.8664074822769243,1.5770284791292437,-0.7321446691595486,0.6773684228948632,-0.38404168711575865,1.0366460641128505,-0.9590142249933946]
Productividad: 48.9900016784668 | Vector: [0.32281383311472417,-0.7654769578446361,0.030644358770672214,-0.2325565803800798,1.5770284791292437,1.2256154989398844,1.0670387329310516,1.3588860941409315,-0.9646011639042353,1.0426852636173223]
Productividad: 36.599998474121094 | Vector: [-0.10009984575414729,-1.3106761106928286,-1.6049978015338329,-0.4287485639000832,-1.2134006794074201,-0.3912897300387028,1.1783731072271053,-1.6289901022991087,1.0366460641128505,-0.9590142249933946]
Productividad: 19.8700008392334 | Vector: [-0.7526994738758749,-0.7159133984948004,-0.9546822636349479,1.1498422369570866,0.1818138998609117,-1.6920565495015294,-0.49860090560720494,0.3629273619942514,1.0366460641128505,-0.9590142249933946]
Productividad: 52.900001525878906 | Vector: [0.8806225421794212,-1.1619854326433217,-0.15164100999352592,-0.9750676821215595,0.1818138998609117,-1.403508174735985,1.2966658799166624,0.11393767895758136,-0.9646011639042353,1.0426852636173223]
Productividad: 47.310001373291016 | Vector: [0.7019778570341969,0.27535778850191317,-1.4769053453195058,-0.6732339056063421,1.5770284791292437,-1.2856745104114526,0.9904963506025145,0.6119170450309214,-0.9646011639042353,-0.9590142249933946]
Productividad: 41.22999954223633 | Vector: [1.3873899871364863,-1.4593667887423356,-0.07774146632906975,1.5693910020885218,0.8794211894950776,-1.5201919984667693,-1.1318151594160109,1.6078757771776016,1.0366460641128505,-0.9590142249933946]
Productividad: 53.810001373291016 | Vector: [0.40666742535724265,-0.2698413643462793,-0.8167364331332848,-0.8875358984461913,0.1818138998609117,0.3030657635200443,-0.6795192638382923,-1.3800004192624387,1.0366460641128505,-0.9590142249933946]
Productividad: 25.989999771118164 | Vector: [-0.3881186682728684,-1.2611125513429928,-0.8118099221797468,1.0291085536403273,-0.8645970345903372,-1.4460430674550575,1.4636674413607431,1.3588860941409315,-0.9646011639042353,1.0426852636173223]
Productividad: 73.18000030517578 | Vector: [0.7384360766710377,0.42404846655142026,1.4987812704720263,-1.2436997029209462,1.5770284791292437,0.5289612012650323,1.1574979120465951,-0.13505200407908866,1.0366460641128505,-0.9590142249933946]
